OpCode	ImagePtPair	Index	Lx	Ly	Rx	Ry
100	0	0	1374.65347	722.37624	604.75248	736.63366
100	1	0	1373.46535	722.37624	604.75248	736.63366
10003	0	0	1251.49310	668.22742	686.57465	639.33110
10005	0	0	1650.29486	986.00746	1340.22141	970.49254
10005	0	1	1568.69990	995.74627	1244.85939	979.22388
10005	1	0	1777.70409	763.68657	1849.23820	742.68657
10005	1	1	1673.61175	742.19403	1746.48898	724.88806
10005	2	0	1543.86674	992.38806	1463.52361	987.67164
10005	2	1	1621.09654	937.31343	1555.52781	933.60448
10005	3	0	912.49108	1008.47015	768.46905	986.67910
10005	3	1	847.01364	1021.56716	691.57503	995.74627
10005	4	0	992.55509	685.04478	1282.99370	675.38806
10005	5	0	1358.99685	692.11194	1527.33998	673.58209
10005	5	1	1482.56453	667.93284	1658.29486	643.35821
10005	6	0	1419.72718	764.72388	1657.15635	753.01493
10005	6	1	1549.67471	772.44776	1817.32424	764.76866
10005	7	0	1088.42812	739.62687	962.21721	721.53731
10005	7	1	1150.21196	758.76866	1024.67261	737.32090
10005	8	0	1061.56558	716.45522	914.87198	697.02239
10005	8	1	1123.01364	729.88806	983.37146	709.78358
10005	9	0	1067.78594	654.85075	916.68416	638.73134
10005	10	0	764.49423	724.83582	22.49738	703.20149
10005	10	1	914.58867	737.26119	163.18993	710.25373
10005	11	0	896.12172	820.78358	183.15110	788.03731
10005	11	1	993.16264	799.29104	332.57398	773.93284
10005	12	0	845.28856	612.87313	119.41133	595.26866
10005	12	1	996.05456	633.35821	228.54040	609.03731
10005	13	0	712.28856	647.54478	22.16159	633.26866
10005	13	1	850.63064	678.44030	158.48898	659.46269
10005	14	0	864.92550	707.33582	224.26128	687.17164
10005	14	1	994.87303	707.00000	356.55929	684.14925
10005	15	0	791.62434	827.95522	21.82581	800.73881
10005	15	1	935.67471	851.79851	171.58447	815.51493
10005	16	0	743.27177	870.26866	6.71563	841.70896
10005	16	1	884.97167	905.19403	135.32004	868.23881
10005	17	0	808.32529	777.08955	14.43861	750.76866
10005	17	1	956.40504	775.74627	154.12382	749.42537
10005	18	0	1557.89612	778.66418	1815.57188	767.24627
10005	18	1	1625.72403	785.04478	1901.53200	773.96269
10005	19	0	336.07975	723.04478	614.78069	719.74627
10005	20	0	706.39349	822.91791	742.39349	808.73881
10005	20	1	735.27072	863.55224	769.92760	848.02985
10005	21	0	1722.56034	870.44776	1909.92655	864.40299
10005	22	0	1488.36097	703.10448	1841.91396	686.01493
10005	22	1	1427.41658	699.29851	1766.11123	683.22388
10005	23	0	1712.28751	1078.22388	1569.42183	1078.47761
10005	23	1	1145.46275	1021.97015	973.43652	1001.40299
10005	24	0	662.15425	598.38060	727.70829	595.35821
10005	24	1	895.18678	612.48507	942.60860	601.06716
10005	25	0	1186.05037	956.40299	1074.26863	944.13433
10005	25	1	1642.77859	941.20149	1529.18048	934.17910
107	0	0	1299.80198	743.76238	692.67327	697.42574
108	0	0	1395.27950	697.69912	589.11801	721.59292
113	0	0	1178.41658	1010.48507	873.00420	1043.73134
113	0	1	1003.64218	1061.86567	659.44701	1075.46642
113	1	0	744.96852	863.85075	616.62225	886.94776
113	1	1	618.54669	887.52612	449.90661	903.06716
113	2	0	1672.19307	1011.49254	253.85100	1023.58209
113	3	0	974.80693	751.22388	793.81427	774.27239
113	3	1	1051.86884	760.29104	851.23295	788.37687
113	4	0	1759.35782	626.99254	1636.07450	653.66045
113	4	1	1650.06086	618.93284	1505.62329	645.09701
113	5	0	1687.83631	612.38433	1594.26967	635.02239
113	5	1	1592.64218	607.34701	1479.43232	628.47388
113	6	0	1654.53830	557.86567	1482.40923	576.90299
113	6	1	1536.17524	554.84328	1354.47639	576.90299
113	7	0	1615.91710	508.55597	1534.30640	526.51119
113	7	1	1517.70094	508.55597	1423.49843	525.00000
113	8	0	1515.62644	485.42910	1388.64113	501.04478
113	8	1	1416.40294	476.36194	1279.84785	495.00000
113	9	0	1514.74816	517.48881	1430.50472	535.17910
113	9	1	1431.64218	507.41418	1335.31060	531.65299
113	10	0	1306.62959	360.33955	1166.98951	373.97015
113	10	1	1224.02728	371.92537	1070.28437	388.57836
113	11	0	1233.59706	335.65672	1118.13326	353.31716
113	11	1	1153.00944	318.52985	1022.93914	340.22015
113	12	0	1146.46170	302.91418	982.64533	327.62687
113	12	1	1044.21616	299.38806	865.79328	325.10821
113	13	0	1172.65268	343.71642	992.21511	367.42164
113	13	1	1075.44386	345.22761	876.37041	366.41418
113	14	0	1239.64113	395.60075	1066.75866	412.75746
113	14	1	1156.53515	417.76493	968.54250	436.43284
113	15	0	1335.33893	435.39552	1161.95278	449.52985
113	15	1	1243.67051	425.32090	1056.18153	446.50746
113	16	0	1197.33263	445.47015	1030.49423	466.65672
113	16	1	1102.13851	439.42537	927.24134	462.62687
113	17	0	1030.52676	395.20149	825.45645	417.64552
113	17	1	923.74816	395.70522	709.61175	426.71269
113	18	0	1174.97587	485.02985	971.74082	511.88806
113	18	1	1071.21931	468.40672	863.45121	491.73881
113	19	0	1311.97482	483.01493	1119.82057	502.31716
113	19	1	1205.19622	483.51866	1006.49423	506.85075
113	20	0	1455.21406	512.26493	1287.49003	528.41418
113	20	1	1352.96852	509.74627	1180.20776	528.91791
113	21	0	1446.65163	549.03731	1324.76180	568.71269
113	21	1	1350.95383	545.00746	1219.99790	565.18657
113	22	0	1622.89402	644.11940	1463.03778	671.11194
113	22	1	1518.13012	628.00000	1349.71144	658.51866
113	23	0	1031.60756	518.91045	838.94963	542.73881
113	23	1	938.93179	485.66418	739.72613	515.03358
113	24	0	940.94648	508.83582	771.96118	537.70149
113	24	1	848.77440	495.73881	672.73767	524.60448
113	25	0	1133.34942	536.54104	962.85310	562.88806
113	25	1	1046.71773	510.85075	870.68101	539.21269
113	26	0	1001.13746	603.51119	836.28122	630.90299
113	26	1	903.92865	607.03731	731.51731	633.92537
113	27	0	1037.90556	610.05970	891.18153	633.92537
113	27	1	939.18573	590.91791	793.46905	614.78358
113	28	0	1111.44176	602.50373	948.09654	629.89552
113	28	1	1012.72193	585.37687	859.45016	612.26493
113	29	0	896.66737	563.91045	725.72928	594.60821
113	29	1	808.02099	577.00746	626.50577	607.20149
113	30	0	784.46485	579.00746	546.11962	606.25000
113	30	1	674.66422	550.29478	424.73452	580.55970
113	31	0	865.05247	548.78358	730.46380	574.51493
113	31	1	769.85834	563.39179	637.28437	588.61940
113	32	0	747.71459	302.48881	521.72193	340.36940
113	32	1	642.95068	300.47388	402.35152	348.93284
113	33	0	716.66317	627.16791	500.72928	655.83955
113	33	1	630.03148	619.61194	381.35887	649.29104
113	34	0	1521.15215	615.95522	1367.86884	638.79851
113	34	1	1420.41763	611.42164	1255.04617	635.77612
113	35	0	1391.86884	566.44403	1224.87303	593.80597
113	35	1	1282.57188	546.29478	1118.59811	571.13806
113	36	0	1477.99685	587.60075	1382.52256	610.42910
113	36	1	1390.86149	595.66045	1283.80273	616.97761
113	37	0	1419.57083	621.85448	1291.86149	645.18657
113	37	1	1315.31060	615.80970	1192.13431	638.63806
113	38	0	1291.60756	634.57836	1154.78804	658.42910
113	38	1	1196.41343	617.45149	1064.12697	646.33955
113	39	0	1294.62959	606.87313	1135.64848	634.25000
113	39	1	1201.95383	599.31716	1047.00210	626.69403
113	40	0	1140.50577	578.16045	1025.34418	603.01866
113	40	1	1062.94019	589.74627	934.68311	612.58955
113	41	0	578.72613	179.99254	341.12277	236.82090
113	41	1	501.16055	202.15672	227.29276	255.96269
113	42	0	740.20357	218.58582	460.52466	263.04478
113	42	1	643.49843	201.96269	320.00000	250.45149
113	43	0	1053.54565	326.23881	835.94648	351.22761
113	43	1	965.40294	309.11194	723.62749	340.64925
113	44	0	975.78489	341.46642	824.81742	377.92537
113	44	1	895.70094	338.44403	715.01679	369.36194
113	45	0	922.39559	288.57463	754.30325	319.99627
113	45	1	832.23820	284.04104	643.49528	326.04104
113	46	0	920.88458	239.71269	732.14166	275.66791
113	46	1	820.15005	231.14925	604.71249	271.13433
113	47	0	1069.13012	473.56343	910.99475	507.08955
113	47	1	956.30745	453.91791	794.14271	487.44403
113	48	0	900.87723	498.48507	812.43232	520.29478
113	48	1	805.68311	506.04104	714.71983	531.37687
113	49	0	977.43547	536.26493	829.55719	569.15672
113	49	1	882.74502	529.71642	726.80797	560.59328
113	50	0	1012.89507	579.51119	909.92550	603.38060
113	50	1	917.19727	578.50373	807.67996	602.87687
113	51	0	721.01889	142.13806	556.31270	182.40299
113	51	1	636.40189	145.66418	444.49738	187.94403
113	52	0	621.79538	148.68657	415.78804	193.98881
113	52	1	509.98006	147.17537	290.37356	194.99627
113	53	0	671.15530	200.06716	443.99370	242.85075
113	53	1	558.33263	202.58582	308.50577	244.36194
113	54	0	621.29171	230.29104	393.12277	276.09701
113	54	1	493.35887	229.28358	247.05771	279.11940
113	55	0	848.12277	413.91791	703.01679	451.23881
113	55	1	746.38090	413.91791	592.20881	444.69030
113	56	0	884.38720	411.90299	809.29171	440.15672
113	56	1	814.88038	398.30224	729.20776	436.12687
113	57	0	628.89087	394.60821	423.03463	437.94776
113	57	1	507.50577	386.04478	290.56873	424.85075
113	58	0	1080.47954	674.95522	968.94334	708.46642
113	58	1	993.84785	669.91791	881.30430	693.35448
113	59	0	1184.23610	623.07090	1067.66317	665.14552
113	59	1	1079.47219	611.98881	966.92865	640.96642
113	60	0	1098.10808	573.20149	991.10493	604.19403
113	60	1	997.87723	569.17164	891.88143	594.62313
113	61	0	853.89507	644.47388	478.49843	639.12687
113	61	1	751.64953	655.55597	359.12802	653.73507
113	62	0	767.17419	295.34701	564.10808	329.34701
113	62	1	698.17104	294.33955	453.80378	329.85075
113	63	0	754.58237	353.77985	543.96118	394.32836
113	63	1	681.54984	346.72761	432.64953	386.26866
113	64	0	747.53095	336.14925	654.26548	376.69776
113	64	1	662.91396	313.98507	555.54565	361.08209
113	65	0	1265.10808	588.63806	1120.65268	633.77985
113	65	1	1163.36621	560.93284	1018.91081	598.51866
113	66	0	1397.07030	603.75000	1267.72508	643.35075
113	66	1	1285.75866	579.57090	1156.41343	613.63060
113	67	0	1325.04512	507.53731	1224.40923	534.04104
113	67	1	1219.77754	507.03358	1124.17838	529.50746
113	68	0	1458.05981	537.17910	1313.05561	572.82836
113	68	1	1335.66737	516.02239	1186.63379	546.13060
113	69	0	1110.77335	517.57836	1007.11962	549.92537
113	69	1	1017.09024	505.99254	898.83001	553.45149
113	70	0	1014.06821	518.58582	916.45855	547.40672
113	70	1	922.90346	508.51119	825.29381	540.85821
113	71	0	1144.51941	525.13433	1033.31060	550.42910
113	71	1	1057.38405	519.59328	945.67156	546.90299
113	72	0	847.34732	610.35448	711.43127	637.09701
113	72	1	760.21196	624.96269	606.16369	644.65299
113	73	0	1098.15110	628.59328	824.99895	644.56343
113	73	1	1016.55614	630.60821	734.33788	641.03731
113	74	0	675.61175	315.70522	466.54250	356.33955
113	74	1	580.92130	305.63060	350.69780	354.32463
113	75	0	671.15215	405.23134	384.18888	443.47388
113	75	1	564.87723	407.75000	243.16055	445.48881
113	76	0	655.03463	359.39179	389.72928	399.64925
113	76	1	562.35887	361.91045	259.78174	401.16045
113	77	0	752.69990	459.62313	506.73033	492.23134
113	77	1	650.95803	444.51119	371.74607	478.12687
113	78	0	821.19937	445.01493	603.43547	482.15672
113	78	1	743.13012	414.79104	500.18258	450.42164
113	79	0	831.27282	402.70149	651.78804	435.81343
113	79	1	742.12277	409.25000	548.03148	439.84328
113	80	0	609.52361	500.00746	448.20357	533.62313
113	80	1	485.11647	497.48881	323.29276	537.65299
113	81	0	615.06401	463.73881	328.32949	498.86567
113	81	1	519.86988	468.77612	201.40399	508.43657
113	82	0	585.85100	537.78731	348.47639	572.41045
113	82	1	485.11647	523.17910	216.01049	560.32090
113	83	0	438.95698	395.18657	190.89192	440.46642
113	83	1	293.39559	373.52612	39.28646	426.36194
113	84	0	624.35782	560.45896	460.39140	594.07463
113	84	1	527.65268	550.38433	346.56139	584.00000
113	85	0	803.75131	561.49627	578.75446	587.02239
113	85	1	695.96537	571.06716	456.36201	602.63806
113	86	0	872.25079	603.30597	673.44491	635.38060
113	86	1	768.99790	607.33582	568.68101	633.86940
113	87	0	998.06716	480.71642	835.07135	506.46642
113	87	1	923.52361	434.37313	750.45435	467.67910
113	88	0	955.75866	501.36940	755.99475	528.63060
113	88	1	886.25184	489.78358	655.76390	520.06716
113	89	0	672.53095	625.61567	436.60126	654.28358
113	89	1	581.36621	619.57090	318.23820	652.26866
113	90	0	672.53095	647.77985	503.08604	672.41791
113	90	1	592.95068	671.45522	401.84785	695.08582
113	91	0	617.01994	173.04478	288.22246	225.97761
113	91	1	502.18258	151.38433	126.54355	211.87313
113	92	0	562.62329	246.58955	371.83211	294.48507
113	92	1	464.91081	200.24627	256.99475	262.24627
113	93	0	819.91291	445.19403	603.33263	481.00000
113	93	1	738.82162	405.39925	498.56873	451.27985
113	94	0	608.57503	499.23881	446.36201	534.88806
113	94	1	485.17524	500.24627	323.46590	536.39925
113	95	0	439.56768	394.10448	190.89192	440.03731
113	95	1	294.50997	371.94030	37.27177	427.94776
113	96	0	671.35782	404.74254	381.87723	444.09701
113	96	1	563.06821	407.26119	243.87093	447.62313
113	97	0	654.73662	359.40672	390.43966	399.26493
113	97	1	558.03148	362.93284	264.01784	401.78358
113	98	0	674.88353	315.58209	466.49423	355.94403
113	98	1	581.20042	306.01119	353.16789	354.93657
113	99	0	754.61070	458.52612	507.11542	491.04478
113	99	1	652.86884	441.90299	373.13851	480.46642
113	100	0	615.19622	459.51866	328.49108	499.57836
113	100	1	517.48374	471.60821	198.54355	506.63060
113	101	0	661.58237	299.63060	342.19307	343.46642
113	101	1	563.36621	274.44403	216.77859	322.30970
113	102	0	573.15950	342.36940	255.86569	390.68284
113	102	1	454.79643	331.28731	99.72718	385.14179
113	103	0	586.88772	536.61567	345.15635	568.91791
113	103	1	486.15320	523.01493	217.22350	557.33209
113	104	0	622.64848	558.27612	457.97901	591.58582
113	104	1	524.93599	555.75746	349.18573	584.02985
113	105	0	804.83631	560.48881	577.63064	589.92537
113	105	1	694.02833	567.54104	456.74921	601.00746
113	106	0	830.01994	521.19776	650.15950	548.61940
113	106	1	750.94334	531.77612	548.41763	559.19776
113	107	0	956.44176	504.07090	756.43442	528.47015
113	107	1	882.90556	489.46269	655.69990	516.38060
113	108	0	874.57817	606.50373	674.49738	636.08955
113	108	1	775.85834	605.49627	563.18573	631.55597
113	109	0	673.25918	646.14925	502.52361	671.03731
113	109	1	595.18993	670.32836	403.80378	695.21642
113	110	0	672.75551	627.51119	437.54984	657.94030
113	110	1	581.08709	624.99254	322.71249	653.40672
113	111	0	555.97587	659.72388	352.00105	684.89552
113	111	1	464.81112	687.93284	238.17104	715.11940
113	112	0	498.05352	741.83209	243.71144	763.47761
113	112	1	364.07660	747.37313	138.94753	767.50746
113	113	0	524.24449	701.02985	237.66737	723.17910
113	113	1	419.48059	702.54104	104.69780	733.25373
113	114	0	862.54879	246.11194	626.39874	281.02239
113	114	1	759.79958	222.94030	504.00630	264.39925
113	115	0	830.57817	401.96269	650.58972	435.01493
113	115	1	735.88772	407.50373	546.32949	441.56343
113	116	0	958.46800	391.05224	750.22980	421.78358
113	116	1	860.75551	372.91791	634.88877	402.64179
113	117	0	1057.71144	600.45896	890.77020	626.13433
113	117	1	943.88143	592.90299	774.92550	620.08955
113	118	0	946.90346	579.30224	763.34103	606.99254
113	118	1	859.76810	563.68657	665.12487	593.39179
113	119	0	999.02728	479.44403	831.80693	507.74254
113	119	1	925.49108	434.61194	746.18258	465.42910
113	120	0	497.81322	744.05224	248.81427	762.40672
113	120	1	362.82896	751.10448	137.50262	768.45149
113	121	0	522.88038	701.59328	236.72613	723.38433
113	121	1	423.15320	706.63060	102.24554	732.45149
113	122	0	356.90556	428.37687	137.50262	473.26866
113	122	1	258.18573	449.02985	2.01469	494.92910
113	123	0	608.28437	498.48134	448.42078	531.01493
113	123	1	482.86988	514.09701	324.01364	533.53358
113	124	0	1007.34418	549.66791	1085.88562	573.20149
113	124	1	1126.71459	553.19403	1198.20462	575.21642
113	125	0	1108.40189	1051.79104	650.28122	1076.47388
113	125	1	362.44701	806.58955	13.09549	825.02239
114	0	0	410.91818	1048.63485	795.74953	1059.42286
114	0	1	1060.89257	965.66815	1318.47783	929.28191
114	1	0	539.51718	1008.07991	878.94566	1015.67148
114	1	1	839.85509	1070.41065	1211.86196	1052.03108
114	2	0	603.97002	752.82020	815.34041	748.02220
114	2	1	845.01936	742.33185	1014.41599	719.25416
114	3	0	326.58214	646.05660	153.27733	652.94451
114	3	1	445.30793	632.87125	275.30106	640.65816
114	4	0	1720.02498	650.70921	1693.94129	612.44950
114	4	1	1857.63898	636.02553	1836.05247	594.16981
114	5	0	1467.72080	674.90344	1451.96752	645.31521
114	5	1	1603.03623	664.51498	1580.28732	625.33740
114	6	0	620.98001	1035.64928	942.30731	1031.25416
114	6	1	822.25422	1036.04883	1153.09182	1019.06770
114	7	0	881.96752	1025.66038	1206.77826	1002.05660
114	7	1	1063.05434	990.89900	1403.85509	950.91343
114	8	0	1043.14678	1031.25416	1384.57964	991.29856
114	8	1	1285.70019	1062.21976	1640.41974	1004.48391
114	9	0	288.79325	632.52830	465.93504	630.07547
114	9	1	529.64272	625.93563	702.86446	614.69700
114	10	0	873.96502	584.08546	987.75328	563.30078
114	10	1	1063.24672	573.29745	1165.44222	551.71365
114	11	0	491.12804	535.72253	260.56215	529.46837
114	11	1	576.67458	531.92675	356.70206	525.27303
114	12	0	751.97502	309.65483	1133.66958	286.46282
114	12	1	806.24110	309.05549	1186.73641	286.76249
114	13	0	719.29544	360.59822	1151.05871	334.70921
114	13	1	779.55778	358.50055	1213.71955	335.00888
114	14	0	728.88944	379.17758	1087.49844	352.98890
114	14	1	784.05497	375.58158	1150.75890	353.88790
114	15	0	688.11493	409.74362	1081.20237	385.65261
114	15	1	739.68270	408.84462	1147.46096	382.05660
114	16	0	1326.37102	526.21532	1289.19425	501.04329
114	16	1	1910.40600	462.68590	1738.91318	445.90455
11R2	0	0	1468.70934	810.00000	439.20252	836.19403
11R3	0	0	1190.68206	771.71642	459.34942	717.31343
11R4	0	0	1291.41658	660.89552	554.03987	697.16418
12RC9	0	0	1369.02256	573.67483	591.87970	619.37639
13RC13	0	0	1600.51417	644.14925	1505.09654	613.08955
13RC13	0	1	1674.80588	615.98507	1604.57188	579.08955
13RC13	1	0	1611.03463	609.92537	1562.10283	573.43284
13RC13	1	1	1734.18258	617.28358	1687.76915	580.28358
13RC13	2	0	839.38930	564.10448	962.35992	560.29104
13RC13	2	1	874.64638	509.19776	1002.48583	500.68284
13RC13	3	0	922.78489	610.92164	971.09864	600.20149
13RC13	3	1	935.88038	677.24627	994.58027	664.10448
13RC13	4	0	1049.65373	701.19403	828.03778	679.02985
13RC13	5	0	662.30115	580.25746	639.84785	575.95522
13RC13	5	1	744.56768	572.19776	721.10703	565.88060
13RC13	6	0	636.62749	603.55224	431.19622	597.17164
13RC13	6	1	503.65792	577.02239	305.94963	578.02985
13RC13	7	0	1750.76600	1007.46269	944.88982	955.07463
13RC13	7	1	1446.54774	1029.62687	697.08290	993.35821
13RC13	8	0	1614.10073	742.03731	1627.28961	725.57463
13RC13	8	1	1466.02099	733.64179	1471.15110	710.79851
13RC13	9	0	1602.13326	481.32090	1055.00630	436.75373
13RC13	9	1	1226.81007	379.55970	631.07240	356.94776
13RC13	10	0	857.68206	477.35821	911.47114	468.88060
13RC13	10	1	669.64428	469.29851	724.10493	473.91791
13RC13	11	0	1250.62644	485.07463	1108.28332	464.02239
13RC13	11	1	1532.57922	378.18657	1384.47429	333.46269
13RC13	12	0	1520.97377	550.39552	1485.74816	513.61940
13RC13	12	1	1369.53620	481.88806	1331.28856	443.09701
13RC13	13	0	1044.59916	742.23134	671.99580	722.90299
13RC13	13	1	598.81217	602.51493	245.93284	594.02985
13RC13	14	0	1644.58342	588.08955	1850.82896	552.07463
13RC13	14	1	1415.24449	564.58209	1567.82476	538.40299
13RC13	15	0	1295.92445	572.82090	1451.28961	554.05970
13RC13	15	1	1036.69990	548.87313	1149.02833	536.09701
13RC13	16	0	888.47849	739.47761	678.95068	729.40299
13RC13	17	0	593.97587	686.92537	269.96852	674.63433
13RC13	17	1	379.07555	721.85075	34.24974	712.91791
13RC13	18	0	735.64743	707.08955	407.20252	691.67164
13RC13	18	1	632.39454	780.67164	290.85414	762.71642
13RC13	19	0	340.41973	505.50746	682.37566	521.77612
2	0	0	1372.63158	800.97996	576.24060	766.10245
442	0	0	686.23574	911.97294	146.00760	922.93123
442	0	1	848.06084	882.75085	347.98479	901.01466
442	1	0	779.92395	949.71815	175.20913	969.19955
442	1	1	659.46768	1008.16234	51.10266	1019.12063
442	2	0	545.09506	1032.51409	7.30038	1045.90755
442	3	0	608.36502	961.89402	320.00000	966.76437
442	3	1	817.64259	989.89853	586.46388	1003.29200
442	4	0	374.75285	1071.47689	232.39544	1065.38895
442	4	1	423.42205	919.27847	292.01521	922.93123
442	5	0	367.45247	1048.34273	208.06084	1038.60203
442	5	1	483.04183	953.37091	305.39924	958.24126
442	6	0	1018.40304	947.28298	549.96198	961.89402
442	6	1	721.52091	1058.08343	290.79848	1066.60654
442	7	0	1163.19392	876.66291	484.25856	907.10259
442	8	0	1041.52091	898.57948	407.60456	905.88501
442	9	0	1015.96958	808.47802	372.31939	855.96392
442	10	0	777.49049	490.68771	85.17110	522.34498
442	11	0	1204.56274	441.98422	249.42966	482.16460
442	12	0	596.19772	786.56144	283.49810	823.08906
442	13	0	865.09506	1025.20857	47.45247	1049.56032
442	14	0	1009.88593	466.33596	442.88973	471.20631
442	15	0	1133.99240	760.99211	362.58555	801.17249
442	16	0	1013.53612	443.20180	462.35741	484.59977
442	17	0	664.33460	583.22435	333.38403	616.09921
442	18	0	1793.46008	1053.21308	734.90494	1066.60654
442	19	0	1366.38783	1059.30101	614.44867	1050.77790
442	20	0	710.57034	658.71477	307.83270	690.37204
442	21	0	173.99240	859.61669	40.15209	868.13980
442	22	0	270.11407	681.84893	52.31939	720.81172
442	23	0	322.43346	623.40474	108.28897	645.32131
442	24	0	239.69582	739.07554	58.40304	763.42728
442	25	0	330.95057	1036.16685	406.38783	1026.42616
567	0	0	1509.64428	333.93284	1632.80588	366.20896
567	0	1	1656.38090	260.38806	1769.80483	305.08955
567	1	0	365.17838	480.29104	225.02413	478.47015
567	1	1	514.60126	364.09701	403.99580	352.53731
567	2	0	940.86044	483.58209	1112.10913	485.59701
567	3	0	807.89087	711.26866	1122.18258	703.20896
567	4	0	821.99370	705.22388	1142.32949	693.13433
567	5	0	864.30220	662.91045	1168.52046	654.85075
567	6	0	878.40504	610.52239	1162.47639	610.52239
567	7	0	884.44911	568.20896	1162.47639	564.17910
567	8	0	918.69885	636.71642	1206.79958	628.65672
567	9	0	938.84575	679.02985	1230.97587	668.95522
567	10	0	967.05142	610.52239	1265.22560	602.46269
68	0	0	1409.84925	691.87500	752.56281	759.37500
78	0	0	1337.75446	731.41791	666.86254	753.58209
80	0	0	1331.90268	700.44346	688.70867	773.48115
823	0	0	1820.82883	585.52828	1828.90090	645.46425
823	1	0	1917.11712	293.58485	232.93694	341.34792
823	1	1	1600.86486	313.75560	9.22523	356.62006
823	2	0	1134.10811	722.82070	905.08108	744.50053
823	2	1	1033.78378	715.61686	818.59459	736.43223
823	3	0	1455.53153	378.27855	297.80180	417.56457
823	3	1	1237.58559	394.70331	138.09009	435.71825
823	4	0	1341.11712	799.91462	507.38739	867.91889
823	5	0	1796.61261	704.24760	1792.00000	766.48879
823	6	0	442.81081	807.98292	385.15315	824.11953
823	7	0	520.07207	982.02775	335.56757	985.48559
823	8	0	1444.24324	708.46852	285.11712	740.36606
823	8	1	1596.61261	683.19637	567.63964	718.75454
823	9	0	1758.55856	322.24653	932.44144	346.37994
823	9	1	1572.32432	396.30203	887.18018	423.31697
823	10	0	1684.28122	682.49254	1449.39559	730.49627
823	10	1	1765.37251	716.24254	1563.72928	764.75000
823	11	0	1560.54054	588.82391	1208.84685	620.55176
823	11	1	1739.56757	557.70331	1346.93694	593.46531
823	12	0	1085.63964	819.12914	1048.20721	842.46531
823	12	1	622.48649	847.56990	704.44144	850.19637
823	13	0	452.62162	841.14728	479.72072	834.65742
823	13	1	531.03604	710.32551	559.86486	721.98933
823	14	0	646.78378	755.07684	744.18018	763.41622
823	14	1	697.52252	675.54642	804.43243	696.27641
823	15	0	210.16216	813.26361	286.25225	796.60406
823	15	1	118.77477	735.75027	242.14414	721.10779
823	16	0	693.97297	587.10779	791.57658	599.90715
823	16	1	640.63964	612.75347	735.64865	623.82391
823	17	0	131.17117	671.58164	34.88288	668.76841
823	17	1	206.12613	825.45571	113.58559	805.64141
823	18	0	1143.76577	744.89221	989.14414	770.56670
823	18	1	1007.98198	735.95945	857.39640	759.32871
823	19	0	698.15315	787.14408	557.63063	790.85699
823	19	1	633.00000	766.39701	467.10811	769.53362
823	20	0	1517.32432	251.53469	1179.48649	268.02455
823	20	1	1434.29730	250.67022	1079.16216	268.02455
823	21	0	1103.56757	571.10779	1016.01802	593.55176
823	21	1	1055.13514	584.65101	959.80180	605.94237
823	22	0	1039.27928	643.72252	1020.63063	664.14941
823	22	1	988.25225	649.48559	971.90991	670.77695
823	23	0	759.52252	659.65422	479.34234	676.90822
823	23	1	674.47748	668.01067	383.34234	678.34899
823	24	0	768.19820	866.53469	362.90090	868.29669
823	24	1	680.27027	874.31483	264.01802	874.63607
823	25	0	1176.25225	272.87086	919.98198	292.93810
823	25	1	1151.17117	319.83991	924.59459	340.77161
823	26	0	1035.40541	584.49947	1060.72973	605.97439
823	26	1	1081.24324	589.10993	1103.10811	611.73746
823	27	0	970.92793	632.21451	720.55856	654.43010
823	27	1	1011.28829	608.29776	781.09910	633.97118
823	28	0	933.15315	456.56564	689.12613	478.73853
823	28	1	874.34234	498.92423	618.78378	521.96158
823	29	0	899.90090	433.95624	744.16216	458.12487
823	29	1	938.24324	458.73746	804.41441	480.88901
823	30	0	771.08108	246.57951	777.87387	270.60085
823	30	1	733.31532	280.58164	753.36937	305.17930
823	31	0	1491.17117	641.39808	1198.26126	673.99466
823	31	1	1415.35135	631.88901	1155.59459	663.90928
823	32	0	1323.01802	577.78762	1586.57658	602.23052
823	32	1	1260.74775	586.14408	1516.52252	609.14621
823	33	0	382.25225	760.52081	472.54955	756.60192
823	33	1	873.23423	656.72038	942.42342	678.46638
823	34	0	1680.86486	641.70651	1690.28829	681.67236
823	34	1	1168.48649	560.44717	1130.88288	580.41622
823	35	0	1122.70270	269.83778	830.41441	295.36606
823	35	1	1416.18018	363.77588	1085.83784	388.15155
823	36	0	1252.14414	179.06937	772.75676	205.75027
823	36	1	1337.47748	302.68730	798.99099	324.18143
823	37	0	781.12613	397.78549	342.81081	428.73639
823	37	1	584.80180	486.24867	182.52252	509.41942
823	38	0	1209.40541	608.46852	679.26126	640.67129
823	38	1	1044.21622	528.36179	510.32432	561.14088
823	39	0	1197.58559	651.11526	811.29730	678.99573
823	39	1	1064.97297	577.34792	709.81982	600.32978
823	40	0	1032.11712	656.26147	968.87387	679.95838
823	40	1	945.05405	643.00640	869.41441	660.36393
823	41	0	916.55856	891.55176	536.00901	907.70651
823	41	1	764.05405	817.49626	418.38739	822.12487
823	42	0	849.68468	530.41942	535.22523	553.92423
823	42	1	664.31532	517.45251	339.18919	538.94023
823	43	0	1464.84685	719.82391	1247.39640	756.40021
823	43	1	1595.72973	681.49947	1353.48649	722.97439
823	44	0	1264.22523	660.55283	1065.96396	690.05656
823	44	1	1376.36937	649.31483	1198.57658	682.27641
823	45	0	1032.10811	692.56670	1173.32432	713.68730
823	45	1	1097.26126	700.05870	1260.09910	721.17930
823	46	0	1252.13514	678.99360	1417.28829	707.46318
823	46	1	1344.67568	669.77268	1525.68468	699.68303
89	0	0	1263.48387	745.59633	727.12258	715.87156
GBR-BOB	0	0	1555.18551	725.65816	1414.48907	811.23418
GBR-BOB	0	1	1714.98563	724.75916	1557.49969	811.83352
GBR-BOB	1	0	347.78701	675.04218	401.58026	717.45616
GBR-BOB	1	1	447.02498	677.13984	499.01936	722.55050
GBR-BOB	2	0	79.75016	858.48280	111.73017	876.49612
GBR-BOB	2	1	149.10681	812.13430	170.69332	836.34073
GBR-BOB	3	0	1285.58588	491.82353	1459.01249	547.42619
GBR-BOB	3	1	1455.27983	474.14317	1640.39913	526.14983
GBR-BOB	4	0	799.97876	620.97447	947.39225	669.63152
GBR-BOB	4	1	945.68770	567.03441	1095.49969	621.38513
GBR-BOB	5	0	1265.10806	688.09767	1044.51468	760.10988
GBR-BOB	5	1	1883.82261	258.70477	1645.88507	313.49612
GBR-BOB	6	0	1413.15053	104.91565	1216.72017	155.70366
GBR-BOB	6	1	1622.21986	124.69367	1411.88944	168.49390
GBR-BOB	7	0	123.92255	839.87458	0.79950	861.70477
GBR-BOB	7	1	447.10556	773.86570	279.91818	818.67259
GBR-BOB	8	0	596.75078	571.68701	268.75828	638.07325
GBR-BOB	8	1	759.04934	477.79134	440.65084	549.37181
GBR-BOB	9	0	912.92380	694.90899	541.93192	761.30633
GBR-BOB	9	1	1116.90256	780.10100	735.11493	846.90677
GBR-BOB	10	0	1488.07183	653.18646	1279.38101	726.76249
GBR-BOB	10	1	1599.90194	695.13984	1396.00812	781.60155
GBR-BOB	11	0	175.69019	547.59378	354.91193	594.07214
GBR-BOB	11	1	273.42911	561.67814	431.36415	611.45283
GBR-BOB	12	0	1491.37164	840.23085	1021.33042	932.04883
GBR-BOB	12	1	1666.48282	768.44950	1229.62461	859.17425
GBR-BOB	13	0	797.62711	587.48280	705.27108	644.36182
GBR-BOB	13	1	893.56715	621.34517	813.80325	680.32186
GBR-BOB	14	0	922.04747	174.98002	702.65272	257.36182
GBR-BOB	14	1	1088.47783	454.42619	815.06808	527.18979
GBR-BOB	15	0	1169.01437	589.50055	937.29919	655.82353
GBR-BOB	15	1	1455.63523	510.68812	1176.24984	583.30411
GBR-BOB	16	0	1168.75703	376.07880	797.06246	448.59711
GBR-BOB	16	1	1264.26171	694.36515	815.03998	767.14983
GBR-BOB	17	0	63.86009	302.45616	187.98251	388.95450
GBR-BOB	17	1	161.29919	301.85683	287.82011	380.86349
GBR-BOB	18	0	804.57277	609.55827	458.65459	675.54051
GBR-BOB	18	1	887.32105	519.35849	565.68770	586.83907
GBR-BOB	19	0	694.74016	413.85350	491.86508	480.67481
GBR-BOB	19	1	881.05497	563.45283	592.04372	629.55050
GBR-BOB	20	0	1166.35665	268.62153	1133.91693	324.66593
GBR-BOB	20	1	1187.04372	168.23307	1176.79013	223.67814
GBR-BOB	21	0	1314.07745	645.83019	922.09994	728.80688
GBR-BOB	21	1	1731.51280	562.52719	1344.28545	646.72586
GBR-BOB	22	0	1204.04747	677.24750	877.85134	747.96892
GBR-BOB	23	0	1782.38601	814.90122	1221.19113	916.09989
GBR-BOB	23	1	1869.93129	646.78801	1267.06246	739.59600
GBR-BOB	24	0	1311.38663	906.04550	853.29357	983.80688
GBR-BOB	24	1	1578.16115	978.71254	1139.91318	1069.81132
GBR-BOB	25	0	1738.91318	605.73252	1367.47033	687.24417
GBR-BOB	25	1	1905.00937	609.92786	1517.07683	697.43285
GBR-BOB	26	0	1357.64397	641.97003	890.96814	718.41842
GBR-BOB	26	1	1679.34291	802.59156	1110.14616	918.54717
GBR-BOB	27	0	1319.27858	443.33518	1329.75890	497.95782
GBR-BOB	27	1	1383.73829	450.52719	1380.42723	512.04218
GBR-BOB	28	0	670.69019	517.87125	467.89881	583.52386
GBR-BOB	28	1	917.73579	368.63707	726.63710	434.88901
GBR-BOB	29	0	1281.64897	696.32186	901.31730	772.93452
GBR-BOB	29	1	1597.06996	456.23418	1198.75141	532.75583
GBR-BOB	30	0	1326.37102	703.61820	1063.73517	769.54495
GBR-BOB	31	0	1260.41224	702.41953	811.34354	775.20422
GBR-BOB	31	1	1334.74578	388.63485	887.65834	464.45949
GBR-BOB	32	0	42.87320	325.34517	88.44472	410.52719
GBR-BOB	32	1	131.91755	330.43951	179.58776	409.62819
GBR-BOB	33	0	1493.80200	92.89678	1514.90443	124.96115
GBR-BOB	33	1	1660.49781	97.39179	1708.88320	119.86681
GBR-BOB	34	0	1621.08682	684.62819	1240.09619	771.92120
GBR-BOB	34	1	1777.58901	659.15649	1398.99688	746.14983
GBR-BOB	35	0	497.15053	222.07214	465.77389	305.25749
GBR-BOB	35	1	669.24297	320.06326	589.89631	394.25860
GBR-BOB	36	0	1318.78139	353.24417	1366.85384	403.95782
GBR-BOB	36	1	1413.22236	438.64928	1452.60025	495.65594
GBR-BOB	37	0	980.66583	509.56826	846.17052	575.70255
GBR-BOB	37	1	1094.59463	401.98779	944.80887	465.72475
GBR-BOB	38	0	745.49469	454.48946	527.89132	522.46282
GBR-BOB	38	1	852.82761	475.76582	641.22049	543.43951
GBR-BOB	39	0	1292.18176	740.44950	832.41287	812.25527
GBR-BOB	39	1	1514.73641	570.72919	1095.64834	650.43507
GBR-BOB	40	0	1213.35665	650.04550	830.96002	718.47059
GBR-BOB	40	1	1355.52592	372.78579	1049.17989	452.24417
GBR-BOB	41	0	532.93004	814.65150	329.14241	859.72919
GBR-BOB	41	1	820.14803	704.87347	603.35103	758.55383
GBR-BOB	42	0	822.89132	150.25416	408.68457	236.46948
GBR-BOB	42	1	1176.46096	282.94451	767.14991	361.04883
GBR-BOB	43	0	988.48157	343.78246	679.50531	426.75583
GBR-BOB	43	1	1290.06246	469.45616	967.12180	542.12653
GBR-BOB	44	0	894.58401	638.90788	608.48532	708.00555
GBR-BOB	44	1	1043.89069	563.39179	772.78264	630.69145
GBR-BOB	45	0	1117.62711	584.82020	747.49094	649.19756
GBR-BOB	45	1	1465.40974	516.79578	1144.79950	591.37847
